NOAA 15                 
1 25338U 98030A   25215.50303314  .00000185  00000+0  93674-4 0  9991
2 25338  98.5339 239.3078 0009988 191.8341 168.2607 14.27006196416235
DMSP 5D-3 F16 (USA 172) 
1 28054U 03048A   25215.56521628  .00000064  00000+0  57324-4 0  9998
2 28054  99.0129 231.8956 0006680 334.8053 183.5612 14.14363439124563
NOAA 18                 
1 28654U 05018A   25215.47655513  .00000071  00000+0  61035-4 0  9996
2 28654  98.8408 294.3325 0013677 337.8570  22.2010 14.13623796 41508
METEOSAT-9 (MSG-2)      
1 28912U 05049B   25214.69849300  .00000129  00000+0  00000+0 0  9993
2 28912   8.6311  57.2162 0000527 339.7079 211.7981  1.00268670 71881
EWS-G1 (GOES 13)        
1 29155U 06018A   25214.39469906 -.00000180  00000+0  00000+0 0  9995
2 29155   3.6994  80.3479 0059224 267.5805  58.3117  0.98788487 40098
DMSP 5D-3 F17 (USA 191) 
1 29522U 06050A   25215.51969080  .00000083  00000+0  65635-4 0  9993
2 29522  98.7399 223.6028 0009012 240.1240 119.9038 14.14844511967494
FENGYUN 3A              
1 32958U 08026A   25215.43707077  .00000080  00000+0  58312-4 0  9993
2 32958  98.6490 157.8859 0008154 330.8224  29.2495 14.19459039890438
NOAA 19                 
1 33591U 09005A   25215.49186109  .00000128  00000+0  92348-4 0  9998
2 33591  98.9944 280.4968 0013410 204.5750 155.4784 14.13397804849864
GOES 14                 
1 35491U 09033A   25214.49280786 -.00000061  00000+0  00000+0 0  9991
2 35491   0.8524  87.3585 0003141  73.3558 220.1109  1.00268950 58963
DMSP 5D-3 F18 (USA 210) 
1 35951U 09057A   25215.46024706  .00000268  00000+0  16247-3 0  9996
2 35951  98.8633 192.6408 0012324  75.4507 284.8032 14.14664310814642
EWS-G2 (GOES 15)        
1 36411U 10008A   25214.77307949  .00000046  00000+0  00000+0 0  9992
2 36411   0.4573  85.3190 0004005 114.1692  91.8546  1.00275372 56433
COMS 1                  
1 36744U 10032A   25215.50007169 -.00000338  00000+0  00000+0 0  9996
2 36744   4.0044  79.3592 0000959  41.1728 139.9248  1.00272176 55461
FENGYUN 3B              
1 37214U 10059A   25215.57296918  .00000062  00000+0  55717-4 0  9990
2 37214  99.0101 254.4775 0022223   9.3487 144.7054 14.14742777762559
SUOMI NPP               
1 37849U 11061A   25215.51982293  .00000073  00000+0  55307-4 0  9997
2 37849  98.7582 154.1849 0002097 124.1982 235.9393 14.19550202713362
METEOSAT-10 (MSG-3)     
1 38552U 12035B   25215.33195382  .00000002  00000+0  00000+0 0  9993
2 38552   3.9146  62.0108 0000920   9.1081   0.8777  1.00267253 48035
METOP-B                 
1 38771U 12049A   25215.44194496  .00000093  00000+0  61983-4 0  9990
2 38771  98.5737 268.1043 0001502 131.5914 228.5392 14.21469888668117
INSAT-3D                
1 39216U 13038B   25214.42150236 -.00000330  00000+0  00000+0 0  9998
2 39216   1.0983  86.9125 0001431  44.6152 101.0095  1.00272119 43888
FENGYUN 3C              
1 39260U 13052A   25215.49548308  .00000102  00000+0  73197-4 0  9990
2 39260  98.4583 199.6866 0013918 214.4151 145.6124 14.15640177613687
METEOR-M 2              
1 40069U 14037A   25215.46026704  .00000145  00000+0  85798-4 0  9998
2 40069  98.4718 198.1857 0004674 233.3718 126.7030 14.21314973574184
HIMAWARI-8              
1 40267U 14060A   25215.50249837 -.00000266  00000+0  00000+0 0  9996
2 40267   0.0375 243.6689 0001517 253.9392 136.2548  1.00270727 39671
FENGYUN 2G              
1 40367U 14090A   25215.49443834 -.00000297  00000+0  00000+0 0  9995
2 40367   4.8309  76.7004 0003619 160.2552 353.0519  1.00276070 38853
METEOSAT-11 (MSG-4)     
1 40732U 15034A   25215.26234446  .00000072  00000+0  00000+0 0  9992
2 40732   2.4031  72.3507 0001112 126.5188 217.0508  1.00277319 36820
ELEKTRO-L 2             
1 41105U 15074A   25214.40111243 -.00000112  00000+0  00000+0 0  9991
2 41105   5.8862  74.4648 0001178 158.1854 208.4919  1.00270345 35311
INSAT-3DR               
1 41752U 16054A   25215.41792172 -.00000067  00000+0  00000+0 0  9995
2 41752   0.0413  96.9291 0010410 166.4153 273.3294  1.00272331 32618
HIMAWARI-9              
1 41836U 16064A   25214.71738725 -.00000265  00000+0  00000+0 0  9995
2 41836   0.0359 256.1973 0001252 262.2367 192.1190  1.00274504 32115
GOES 16                 
1 41866U 16071A   25215.09689052 -.00000081  00000+0  00000+0 0  9992
2 41866   0.0340 112.5851 0001499  57.1631  72.3169  1.00271941 31909
FENGYUN 4A              
1 41882U 16077A   25214.99953725 -.00000348  00000+0  00000+0 0  9991
2 41882   1.5079  83.7971 0006362 165.6117 185.9847  1.00270360 31786
CYGFM05                 
1 41884U 16078A   25215.32297063  .00013462  00000+0  30860-3 0  9999
2 41884  34.9593 181.3905 0008047  27.8245 332.2904 15.41850329479533
CYGFM04                 
1 41885U 16078B   25214.24399632  .00016266  00000+0  34814-3 0  9993
2 41885  34.9346 166.3566 0006891  42.0084 318.1164 15.43863888479415
CYGFM02                 
1 41886U 16078C   25215.18865345  .00015803  00000+0  32772-3 0  9994
2 41886  34.9432 160.0700 0008448  46.7554 313.3870 15.44783884479741
CYGFM01                 
1 41887U 16078D   25215.16629636  .00014093  00000+0  31868-3 0  9999
2 41887  34.9425 185.6185 0007892  12.1385 347.9524 15.42249574479464
CYGFM08                 
1 41888U 16078E   25215.18303660  .00015027  00000+0  32847-3 0  9994
2 41888  34.9454 169.8376 0009134  40.6358 319.5042 15.43235570479596
CYGFM07                 
1 41890U 16078G   25215.17080121  .00015603  00000+0  33437-3 0  9996
2 41890  34.9471 159.6413 0007002  59.7416 300.3997 15.43834005479725
CYGFM03                 
1 41891U 16078H   25215.18491397  .00015026  00000+0  32492-3 0  9998
2 41891  34.9423 161.2802 0006383  40.2483 319.8709 15.43578255479700
FENGYUN 3D              
1 43010U 17072A   25215.50624669  .00000068  00000+0  54105-4 0  9990
2 43010  98.9661 180.0026 0000709 190.9045 169.2115 14.19629783399916
NOAA 20 (JPSS-1)        
1 43013U 17073A   25215.46531016  .00000047  00000+0  43108-4 0  9990
2 43013  98.7412 153.3371 0001978 102.0430 258.0968 14.19549456399391
GOES 17                 
1 43226U 18022A   25215.48384522 -.00000173  00000+0  00000+0 0  9991
2 43226   0.1163  98.3615 0001534 135.7441 162.8816  1.00271751 27252
FENGYUN 2H              
1 43491U 18050A   25215.49036500 -.00000122  00000+0  00000+0 0  9991
2 43491   2.2086  82.9057 0002090 114.7637  10.4642  1.00273832 26328
METOP-C                 
1 43689U 18087A   25215.47697689  .00000090  00000+0  61083-4 0  9995
2 43689  98.7124 275.1112 0001629  52.4165 307.7160 14.21477218349695
GEO-KOMPSAT-2A          
1 43823U 18100A   25215.42873031 -.00000334  00000+0  00000+0 0  9992
2 43823   0.0157  79.1505 0002279  34.5791 121.1119  1.00272943 24472
METEOR-M2 2             
1 44387U 19038A   25215.50638583  .00000066  00000+0  48364-4 0  9990
2 44387  98.8785 193.7386 0001059 154.6568 205.4662 14.24221032316073
ARKTIKA-M 1             
1 47719U 21016A   25211.99503583 -.00000088  00000+0  00000+0 0  9996
2 47719  63.1519 102.0141 7132899 268.7411  16.3260  2.00614249 32351
FENGYUN 3E              
1 49008U 21062A   25215.46144584  .00000021  00000+0  30564-4 0  9997
2 49008  98.7439 217.5257 0000558 316.0132  44.1000 14.19856413211494
GOES 18                 
1 51850U 22021A   25215.51887149  .00000106  00000+0  00000+0 0  9999
2 51850   0.0053 325.5978 0000459 208.5252 188.0144  1.00274051 12627
NOAA 21 (JPSS-2)        
1 54234U 22150A   25214.58500324  .00000077  00000+0  57059-4 0  9992
2 54234  98.7275 152.6804 0002339  46.2231 313.9138 14.19547898141346
METEOSAT-12 (MTG-I1)    
1 54743U 22170C   25214.76078328  .00000003  00000+0  00000+0 0  9991
2 54743   0.6814  33.9638 0001665  93.2517  97.9591  1.00275178  9775
TIANMU-1 03             
1 55973U 23039A   25215.49309005  .00009526  00000+0  27159-3 0  9999
2 55973  97.5049  15.0464 0004445 146.8464 213.3059 15.36278748131880
TIANMU-1 04             
1 55974U 23039B   25215.49705623  .00009897  00000+0  27978-3 0  9996
2 55974  97.4977  14.3072 0005321 145.6057 214.5532 15.36529872131882
TIANMU-1 05             
1 55975U 23039C   25215.46374768  .00010148  00000+0  28944-3 0  9991
2 55975  97.5025  14.7479 0003778 164.9925 195.1431 15.36249525131869
TIANMU-1 06             
1 55976U 23039D   25215.50481967  .00009899  00000+0  27922-3 0  9993
2 55976  97.5037  15.1543 0004261 161.5369 198.6030 15.36604866131881
METEOR-M2 3             
1 57166U 23091A   25215.50897889 -.00000005  00000+0  16932-4 0  9999
2 57166  98.6579 271.1862 0004338  29.4397 330.7025 14.24005555109304
TIANMU-1 07             
1 57399U 23101A   25215.51392781  .00005431  00000+0  21610-3 0  9996
2 57399  97.3080 268.3330 0004732 160.7543 199.3875 15.25666593113138
TIANMU-1 08             
1 57400U 23101B   25215.48012037  .00005252  00000+0  20902-3 0  9992
2 57400  97.3068 268.1193 0006555 171.2809 188.8544 15.25664482113129
TIANMU-1 09             
1 57401U 23101C   25215.46573932  .00005305  00000+0  21144-3 0  9995
2 57401  97.3023 267.6972 0005770 168.7220 191.4149 15.25616286113126
TIANMU-1 10             
1 57402U 23101D   25215.49893186  .00005859  69399-8  23094-3 0  9990
2 57402  97.3105 268.4416 0007572 172.7919 187.3430 15.25600318113128
FENGYUN 3F              
1 57490U 23111A   25215.51911467  .00000041  00000+0  40175-4 0  9997
2 57490  98.7245 285.8197 0000750  88.8563 271.2699 14.19849633103785
ARKTIKA-M 2             
1 58584U 23198A   25212.23663826  .00000183  00000+0  00000+0 0  9991
2 58584  63.2307 189.5382 6867270 268.6538  18.5707  2.00597782 11889
TIANMU-1 11             
1 58645U 23205A   25215.51712607  .00004652  00000+0  20307-3 0  9995
2 58645  97.3717 237.5365 0011021  52.7416 307.4824 15.22569985 89114
TIANMU-1 12             
1 58646U 23205B   25215.46958956  .00005246  00000+0  22888-3 0  9995
2 58646  97.3704 237.3378 0008877  44.3556 315.8390 15.22543698 89091
TIANMU-1 13             
1 58647U 23205C   25215.50320273  .00004861  00000+0  21251-3 0  9991
2 58647  97.3733 237.5220 0008362  25.1482 335.0160 15.22520036 89096
TIANMU-1 14             
1 58648U 23205D   25215.48578872  .00005131  00000+0  22394-3 0  9999
2 58648  97.3662 236.9760 0009533  28.6039 331.5718 15.22538587 89097
TIANMU-1 19             
1 58660U 23208A   25215.54826398  .00006259  00000+0  25512-3 0  9999
2 58660  97.4308 327.2582 0005705  15.6035 344.5377 15.24798544 88811
TIANMU-1 20             
1 58661U 23208B   25215.57215178  .00006261  00000+0  24609-3 0  9990
2 58661  97.4244 327.6004 0008355  20.7423 339.4153 15.26003285 88870
TIANMU-1 21             
1 58662U 23208C   25215.56688277  .00006941  00000+0  25641-3 0  9996
2 58662  97.4288 328.9755 0007781  18.2772 341.8746 15.28028057 88946
TIANMU-1 22             
1 58663U 23208D   25215.47051218  .00006124  00000+0  25014-3 0  9993
2 58663  97.4303 327.2774 0004931  41.9008 318.2606 15.24744944 88812
TIANMU-1 15             
1 58700U 24004A   25214.82989805  .00005111  00000+0  22397-3 0  9996
2 58700  97.4672  36.9722 0007645  44.1956 315.9890 15.22424892 87264
TIANMU-1 16             
1 58701U 24004B   25215.53595743  .00004933  00000+0  21597-3 0  9992
2 58701  97.4607  37.1758 0008048  46.2828 313.9073 15.22473888 87376
TIANMU-1 17             
1 58702U 24004C   25215.51663581  .00005237  00000+0  22807-3 0  9990
2 58702  97.4643  37.5146 0006735  49.1220 311.0599 15.22635265 87361
TIANMU-1 18             
1 58703U 24004D   25215.50238063  .00004769  00000+0  20864-3 0  9993
2 58703  97.4661  37.6593 0006326  39.5772 320.5926 15.22526694 87364
INSAT-3DS               
1 58990U 24033A   25215.49088500 -.00000146  00000+0  00000+0 0  9992
2 58990   0.0524 257.7050 0001430 240.7848  72.6099  1.00270417  5630
METEOR-M2 4             
1 59051U 24039A   25215.51328389  .00000018  00000+0  27800-4 0  9991
2 59051  98.6529 174.6402 0007443  18.8001 341.3450 14.22373691 74101
GOES 19                 
1 60133U 24119A   25215.43929253 -.00000239  00000+0  00000+0 0  9995
2 60133   0.0118  84.8306 0000098 132.1687 178.1987  1.00273369  4128

